41.500000
108.200000
376.000000
31.222222
108.200000
378.000000
20.944444
108.200000
380.000000
10.666667
108.200000
382.000000
0.388889
108.200000
384.000000
-9.888889
108.200000
386.000000
-20.166667
108.200000
388.000000
-30.444444
108.200000
390.000000
-40.722222
108.200000
392.000000
-51.000000
108.200000
394.000000
41.500000
118.500000
394.000000
31.222222
118.500000
394.000000
20.944444
118.500000
394.000000
10.666667
118.500000
394.000000
0.388889
118.500000
394.000000
-9.888889
118.500000
394.000000
-20.166667
118.500000
394.000000
-30.444444
118.500000
394.000000
-40.722222
118.500000
394.000000
-51.000000
118.500000
394.000000
41.500000
128.800000
394.000000
31.222222
128.800000
394.000000
20.944444
128.800000
394.000000
10.666667
128.800000
394.000000
0.388889
128.800000
394.000000
-9.888889
128.800000
394.000000
-20.166667
128.800000
394.000000
-30.444444
128.800000
394.000000
-40.722222
128.800000
394.000000
-51.000000
128.800000
394.000000
41.500000
139.100000
394.000000
31.222222
139.100000
394.000000
20.944444
139.100000
394.000000
10.666667
139.100000
394.000000
0.388889
139.100000
394.000000
-9.888889
139.100000
394.000000
-20.166667
139.100000
394.000000
-30.444444
139.100000
394.000000
-40.722222
139.100000
394.000000
-51.000000
139.100000
394.000000
41.500000
149.400000
394.000000
31.222222
149.400000
394.000000
20.944444
149.400000
394.000000
10.666667
149.400000
394.000000
0.388889
149.400000
394.000000
-9.888889
149.400000
394.000000
-20.166667
149.400000
394.000000
-30.444444
149.400000
394.000000
-40.722222
149.400000
394.000000
-51.000000
149.400000
394.000000
41.500000
159.700000
394.000000
31.222222
159.700000
394.000000
20.944444
159.700000
394.000000
10.666667
159.700000
394.000000
0.388889
159.700000
394.000000
-9.888889
159.700000
394.000000
-20.166667
159.700000
394.000000
-30.444444
159.700000
394.000000
-40.722222
159.700000
394.000000
-51.000000
159.700000
394.000000
41.500000
170.000000
394.000000
31.222222
170.000000
394.000000
20.944444
170.000000
394.000000
10.666667
170.000000
394.000000
0.388889
170.000000
394.000000
-9.888889
170.000000
394.000000
-20.166667
170.000000
394.000000
-30.444444
170.000000
394.000000
-40.722222
170.000000
394.000000
-51.000000
170.000000
394.000000
